53
40
51
40
43
36
46
34
20
20
18
20
16
15
20
16
13
18
20
17
5
5
5
5
5
5
5
5
5
5
5
26
26
36
40
54
45
45
54
60
34
44
56
44
27
36
52
53
56
42
32
43
80
36
40
35
24
40
46
17
20
17
17
20
18
19
20
20
14
21
15
18
14
5
5
5
5
5
5
5
5
5
5
25
50
26
37
43
25
29
20
38
50
28
16
21
50
25
38
50
32
43
24
21
36
32
25
5
5
5
5
5
5
5
5
5
5
5
5
5
5
5
5
5
5
4
5
5
5
5
5
5
5
5
5
5
5
5
5
5
5
5
5
5
5
5
5
5
5
5
5
5
5
5
5
5
5
5
5
5
5
5
5
5
5
5
5
5
5
5
5
5
5
5
5
5
5
5
54
41
44
44
40
47
34
36
45
40
35
44
50
40
45
54
50
64
40
40
32
47
36
5
5
5
5
5
5
5
5
5
5
5
5
5
5
5
5
5
5
5
5
5
5
5
5
5
5
5
5
5
5
5
5
5
5
5
5
5
5
5
5
5
5
17
25
17
17
18
14
20
20
19
16
16
19
21
16
18
15
13
16
14
13
16
15
14
14
17
16
16
16
5
5
5
5
5
5
5
5
5
5
5
5
5
5
5
5
5
5
5
5
5
5
21
20
18
20
16
15
20
16
13
20
20
17
5
5
5
5
5
5
5
5
6
5
5
5
5
5
6
5
5
5
6
5
5
5
5
5
5
5
5
5
5
5
5
5
5
5
5
5
5
5
5
5
5
26
26
36
40
54
45
45
54
60
34
44
56
44
27
36
52
53
56
42
32
43
80
36
40
35
24
40
46
17
20
17
17
20
18
19
20
20
14
21
15
18
14
6
6
6
6
6
6
6
6
6
6
6
6
6
6
6
6
6
6
6
6
6
6
6
6
6
6
6
6
8
7
6
7
6
7
7
7
7
6
6
6
6
6
6
6
5
5
5
5
5
5
5
5
5
5
25
50
26
37
43
25
29
20
38
50
28
16
21
50
25
38
50
32
43
24
21
36
32
25
5
5
5
5
5
5
5
5
5
5
5
5
5
5
5
5
5
40
80
70
70
80
80
80
80
80
80
70
70
70
70
70
80
80
40
40